		Temp	Hi	Low	Out	Dew	Wind	Wind	Wind	Hi	Hi	Wind	Heat	THW			Rain	Heat	Cool	In 	In	In 	In 	In 	In Air	Wind	Wind	ISS 	Arc.
Date	Time	Out	Temp	Temp	Hum	Pt.	Speed	Dir	Run	Speed	Dir	Chill	Index	Index	Bar  	Rain	Rate	D-D 	D-D 	Temp	Hum	Dew	Heat	EMC	Density	Samp	Tx 	Recept	Int.
01/17/24	12:00 p	3.1	3.2	2.9	92	1.9	1.8	NNW	6.44	5.4	NW	1.4	3.1	1.3	1000.3	0.76	0.0	0.634	0.000	16.0	39	2.0	14.4	7.67	1.1972	626	1	45.8	60
01/17/24	1:00 p	3.1	3.2	2.9	91	1.7	1.8	NNW	6.44	6.7	WNW	1.3	3.0	1.3	1002.2	0.25	0.0	0.637	0.000	10.5	43	-1.6	9.6	8.41	1.2248	1392	1	100.0	60
01/17/24	2:00 p	3.1	3.2	3.1	91	1.8	1.3	ENE	4.83	4.5	NNE	2.1	3.1	2.0	1004.2	0.00	0.0	0.634	0.000	8.3	44	-3.3	7.6	8.55	1.2377	1387	1	100.0	60
01/17/24	3:00 p	3.1	3.2	3.0	90	1.6	0.9	NE	3.22	2.2	NE	2.8	3.1	2.8	1006.1	0.51	0.0	0.634	0.000	7.3	45	-3.8	6.6	8.65	1.2446	1386	1	100.0	60
01/17/24	4:00 p	3.1	3.2	3.0	91	1.8	0.9	NE	3.22	3.1	ESE	2.8	3.1	2.8	1008.0	0.51	0.0	0.634	0.000	6.7	46	-4.2	5.9	8.85	1.2499	1394	1	100.0	60
01/17/24	5:00 p	3.2	3.2	3.1	91	1.8	0.9	ENE	3.22	2.2	NE	2.9	3.1	2.8	1009.0	0.25	0.0	0.632	0.000	6.1	47	-4.4	5.4	8.99	1.2541	1390	1	100.0	60
01/17/24	6:00 p	3.2	3.2	3.1	91	1.8	0.9	ENE	3.22	2.7	E	2.9	3.1	2.8	1010.2	0.25	0.0	0.632	0.000	5.7	48	-4.5	5.1	9.21	1.2574	1394	1	100.0	60
01/17/24	7:00 p	3.3	3.4	3.1	91	1.9	0.9	ENE	3.22	2.2	NE	3.1	3.2	3.0	1011.3	0.00	0.0	0.627	0.000	5.6	49	-4.3	4.9	9.31	1.2592	1389	1	100.0	60
01/17/24	8:00 p	3.6	3.8	3.4	89	2.0	0.9	ENE	3.22	2.2	NE	3.4	3.6	3.3	1012.7	0.00	0.0	0.613	0.000	5.6	49	-4.3	5.0	9.31	1.2607	1388	1	100.0	60
01/17/24	9:00 p	3.7	3.8	3.4	90	2.2	0.4	N	1.61	2.2	ENE	3.7	3.6	3.6	1014.3	0.00	0.0	0.611	0.000	5.8	50	-3.9	5.2	9.50	1.2618	1388	1	100.0	60
01/17/24	10:00 p	3.3	3.5	3.3	91	2.0	0.4	NE	1.61	2.2	ENE	3.3	3.3	3.3	1015.4	0.00	0.0	0.625	0.000	5.7	50	-3.9	5.1	9.50	1.2634	1368	1	100.0	60
01/17/24	11:00 p	3.2	3.3	3.1	92	2.0	0.4	NE	1.61	1.8	NE	3.2	3.2	3.2	1016.7	0.25	0.0	0.630	0.000	5.3	51	-4.1	4.7	9.69	1.2670	1390	1	100.0	60
01/18/24	12:00 a	3.2	5.3	2.9	81	0.3	0.4	NNE	1.61	1.3	NNE	3.2	3.1	3.1	1017.6	0.00	0.0	0.630	0.000	5.2	51	-4.1	4.6	9.69	1.2685	1332	1	97.4	60
01/18/24	1:00 a	5.2	5.6	4.8	80	2.1	0.4	N	1.61	1.3	N	5.2	5.1	5.1	1018.4	0.00	0.0	0.546	0.000	5.3	52	-3.8	4.7	9.89	1.2690	1393	1	100.0	60
01/18/24	2:00 a	6.3	7.0	5.1	81	3.3	0.4	N	1.61	2.2	NNE	6.3	6.2	6.2	1018.2	0.00	0.0	0.502	0.000	5.4	52	-3.6	4.8	9.88	1.2680	1398	1	100.0	60
01/18/24	3:00 a	5.3	6.0	4.5	81	2.3	0.4	NNE	1.61	2.2	NNW	5.3	5.2	5.2	1018.3	0.00	0.0	0.542	0.000	5.4	52	-3.7	4.8	9.88	1.2684	1397	1	100.0	60
01/18/24	4:00 a	4.8	5.7	4.3	83	2.2	0.9	NW	3.22	2.2	NNW	4.8	4.7	4.7	1018.6	0.00	0.0	0.562	0.000	5.2	53	-3.6	4.6	10.07	1.2698	1394	1	100.0	60
01/18/24	5:00 a	5.2	6.3	3.8	76	1.3	0.9	NNE	3.22	3.6	NW	5.2	5.0	4.9	1018.4	0.00	0.0	0.546	0.000	5.3	53	-3.5	4.7	10.06	1.2690	1400	1	100.0	60
01/18/24	6:00 a	5.6	6.4	4.7	75	1.5	1.3	NW	4.83	3.6	NW	4.8	5.4	4.6	1018.5	0.00	0.0	0.530	0.000	5.5	53	-3.3	4.9	10.04	1.2679	1397	1	100.0	60
01/18/24	7:00 a	4.8	5.6	4.3	81	1.8	0.9	N	3.22	3.6	N	4.7	4.6	4.6	1019.1	0.25	0.0	0.565	0.000	5.6	53	-3.2	5.1	10.02	1.2682	1397	1	100.0	60
01/18/24	8:00 a	6.3	7.3	4.7	76	2.4	0.9	NW	3.22	3.6	NNW	6.3	6.1	6.1	1019.8	0.51	0.0	0.502	0.000	5.6	54	-3.0	5.1	10.17	1.2690	1397	1	100.0	60
01/18/24	9:00 a	5.4	6.2	4.3	82	2.6	0.9	N	3.22	3.6	NNE	5.4	5.2	5.2	1020.4	0.51	0.0	0.539	0.000	5.6	54	-3.0	5.0	10.17	1.2700	1398	1	100.0	60
01/18/24	10:00 a	4.0	4.5	3.4	85	1.7	1.3	NNE	4.83	4.9	ENE	3.1	3.9	2.9	1020.6	1.02	1.3	0.597	0.000	5.7	54	-2.9	5.1	10.16	1.2697	1392	1	100.0	60
01/18/24	11:00 a	3.4	3.6	3.2	86	1.3	1.8	ENE	6.44	4.9	NNE	1.7	3.3	1.6	1021.5	1.02	1.8	0.623	0.000	5.8	55	-2.5	5.3	10.35	1.2698	1400	1	100.0	60
01/18/24	12:00 p	3.7	4.3	3.3	84	1.3	1.3	NNE	4.83	4.5	NE	2.7	3.6	2.6	1021.5	0.00	0.0	0.609	0.000	6.2	55	-2.2	5.6	10.33	1.2682	1394	1	100.0	60
01/18/24	1:00 p	4.4	4.8	4.2	84	2.0	0.9	N	3.22	3.1	N	4.3	4.3	4.2	1021.2	0.25	0.0	0.579	0.000	6.6	55	-1.8	6.1	10.29	1.2656	1395	1	100.0	60
01/18/24	2:00 p	4.2	4.4	3.8	84	1.8	0.9	N	3.22	3.1	N	4.1	4.1	3.9	1020.7	0.51	0.0	0.588	0.000	6.7	55	-1.7	6.2	10.29	1.2644	1399	1	100.0	60
01/18/24	3:00 p	4.2	4.5	3.8	83	1.5	0.9	N	3.22	3.1	N	4.0	4.1	3.9	1020.6	0.51	0.0	0.590	0.000	6.8	55	-1.6	6.2	10.28	1.2641	1398	1	100.0	60
01/18/24	4:00 p	4.4	4.7	4.2	85	2.1	0.9	N	3.22	3.1	NNE	4.3	4.3	4.2	1020.7	0.25	0.0	0.579	0.000	6.8	55	-1.6	6.3	10.28	1.2639	1397	1	100.0	60
01/18/24	5:00 p	4.1	4.6	3.7	84	1.6	1.3	N	4.83	2.7	N	3.1	3.9	3.0	1020.5	0.51	0.0	0.595	0.000	6.7	55	-1.7	6.1	10.29	1.2645	1398	1	100.0	60
01/18/24	6:00 p	4.3	5.8	3.8	78	0.8	0.9	N	3.22	2.2	NNE	4.2	4.1	3.9	1020.3	0.25	0.0	0.583	0.000	6.4	56	-1.8	5.8	10.51	1.2654	1400	1	100.0	60
01/18/24	7:00 p	6.4	7.1	5.8	76	2.5	0.0	WSW	0.00	1.3	NNW	6.4	6.2	6.2	1020.3	0.25	0.0	0.495	0.000	6.3	56	-1.9	5.7	10.52	1.2661	1397	1	100.0	60
01/18/24	8:00 p	6.8	7.3	6.5	75	2.7	0.0	W	0.00	1.3	SW	6.8	6.6	6.6	1020.3	0.25	0.0	0.479	0.000	6.2	56	-1.9	5.7	10.52	1.2663	1386	1	100.0	60
01/18/24	9:00 p	6.9	8.1	6.3	74	2.6	0.4	N	1.61	1.3	NNW	6.9	6.7	6.7	1019.9	0.00	0.0	0.475	0.000	6.2	57	-1.7	5.7	10.63	1.2659	1397	1	100.0	60
01/18/24	10:00 p	6.1	6.4	5.8	71	1.2	0.4	N	1.61	2.7	NNW	6.1	5.8	5.8	1019.3	0.00	0.0	0.509	0.000	6.3	57	-1.6	5.8	10.62	1.2647	1396	1	100.0	60
01/18/24	11:00 p	6.2	6.8	5.4	76	2.3	0.4	N	1.61	1.8	ENE	6.2	6.0	6.0	1019.2	0.00	0.0	0.505	0.000	6.3	57	-1.6	5.8	10.61	1.2643	1395	1	100.0	60
01/19/24	12:00 a	6.3	7.4	5.4	75	2.2	0.9	N	3.22	3.1	NNE	6.3	6.1	6.1	1018.2	0.00	0.0	0.502	0.000	6.4	58	-1.3	5.9	10.81	1.2626	1398	1	100.0	60
01/19/24	1:00 a	6.8	7.3	5.6	74	2.5	0.4	W	1.61	2.7	W	6.8	6.6	6.6	1018.5	0.00	0.0	0.481	0.000	6.4	58	-1.3	5.9	10.81	1.2630	1397	1	100.0	60
01/19/24	2:00 a	7.2	7.8	6.6	73	2.6	0.4	NW	1.61	1.8	NW	7.2	6.9	6.9	1018.0	0.00	0.0	0.465	0.000	6.4	58	-1.3	5.9	10.81	1.2623	1394	1	100.0	60
01/19/24	3:00 a	6.7	7.8	5.6	80	3.5	0.4	NNE	1.61	3.1	E	6.7	6.6	6.6	1017.2	0.25	0.0	0.484	0.000	6.4	58	-1.3	5.9	10.81	1.2614	1398	1	100.0	60
01/19/24	4:00 a	6.6	7.3	5.6	73	2.1	0.4	N	1.61	3.6	N	6.6	6.3	6.3	1016.9	0.00	0.0	0.491	0.000	6.4	58	-1.2	5.9	10.81	1.2607	1402	1	100.0	60
01/19/24	5:00 a	7.0	7.8	6.4	71	2.1	0.4	WNW	1.61	3.6	N	7.0	6.7	6.7	1016.2	0.00	0.0	0.472	0.000	6.5	58	-1.2	6.0	10.80	1.2595	1401	1	100.0	60
01/19/24	6:00 a	7.1	8.0	6.1	66	1.2	0.9	NW	3.22	5.4	N	7.1	6.7	6.7	1015.0	0.00	0.0	0.468	0.000	6.6	59	-0.9	6.1	10.97	1.2577	1398	1	100.0	60
01/19/24	7:00 a	7.2	8.0	6.5	72	2.5	0.4	WSW	1.61	2.7	WSW	7.2	6.9	6.9	1015.5	0.00	0.0	0.465	0.000	6.6	58	-1.1	6.1	10.79	1.2581	1396	1	100.0	60
01/19/24	8:00 a	7.2	7.9	6.4	69	1.9	0.4	WSW	1.61	3.6	W	7.2	6.9	6.9	1015.1	0.00	0.0	0.463	0.000	6.3	59	-1.1	5.9	10.98	1.2589	1396	1	100.0	60
01/19/24	9:00 a	6.2	7.1	5.8	77	2.5	0.9	E	3.22	5.4	NNE	6.2	6.0	6.0	1014.9	0.00	0.0	0.505	0.000	6.4	59	-1.0	5.9	10.98	1.2584	1400	1	100.0	60
01/19/24	10:00 a	7.0	7.4	6.3	73	2.5	0.9	W	3.22	3.1	WSW	7.0	6.8	6.8	1015.5	0.00	0.0	0.472	0.000	7.0	59	-0.5	6.6	10.96	1.2561	1400	1	100.0	60
01/19/24	11:00 a	8.2	8.8	7.0	66	2.2	0.4	NNW	1.61	1.8	N	8.2	7.8	7.8	1015.2	0.00	0.0	0.424	0.000	8.6	56	0.3	8.1	10.40	1.2481	1375	1	100.0	60
01/19/24	12:00 p	8.2	8.7	7.8	68	2.6	0.4	ENE	1.61	1.8	N	8.2	7.8	7.8	1014.8	0.00	0.0	0.424	0.000	16.1	51	5.9	15.0	9.63	1.2119	1362	1	99.6	60
01/19/24	1:00 p	8.4	8.9	8.2	64	2.0	0.4	SW	1.61	1.8	S	8.4	8.1	8.1	1014.7	0.00	0.0	0.412	0.000	11.8	53	2.5	10.9	9.95	1.2323	1352	1	98.8	60
01/19/24	2:00 p	8.7	9.1	7.7	69	3.3	0.4	E	1.61	3.1	ENE	8.7	8.4	8.4	1013.6	0.00	0.0	0.400	0.000	14.8	46	3.3	13.6	8.85	1.2174	1318	1	96.3	60
01/19/24	3:00 p	8.0	8.7	7.4	69	2.7	0.4	ENE	1.61	3.1	NNE	8.0	7.7	7.7	1012.8	0.00	0.0	0.431	0.000	14.2	49	3.6	13.1	9.35	1.2188	1321	1	96.6	60
01/19/24	4:00 p	9.0	9.3	8.7	66	3.0	0.4	E	1.61	1.3	ESE	9.0	8.7	8.7	1012.1	0.00	0.0	0.389	0.000	11.4	51	1.7	10.6	9.65	1.2311	1371	1	100.0	60
01/19/24	5:00 p	8.8	9.3	8.3	68	3.2	0.4	NE	1.61	1.8	ENE	8.8	8.4	8.4	1011.2	0.00	0.0	0.398	0.000	11.3	51	1.5	10.4	9.65	1.2308	1375	1	100.0	60
01/19/24	6:00 p	9.4	9.9	8.8	65	3.2	0.9	NW	3.22	2.7	N	9.4	9.1	9.1	1010.6	0.00	0.0	0.370	0.000	10.2	52	0.7	9.6	9.76	1.2353	1370	1	100.0	60
01/19/24	7:00 p	9.7	10.1	9.2	64	3.2	0.4	WNW	1.61	2.7	W	9.7	9.4	9.4	1010.2	0.00	0.0	0.359	0.000	9.4	53	0.3	8.8	9.93	1.2385	1371	1	100.0	60
01/19/24	8:00 p	9.6	9.9	9.3	64	3.1	0.4	WNW	1.61	3.1	WNW	9.6	9.2	9.2	1010.0	0.00	0.0	0.366	0.000	9.0	53	-0.1	8.4	9.91	1.2402	1374	1	100.0	60
01/19/24	9:00 p	9.1	9.8	8.3	68	3.5	0.0	NNW	0.00	2.7	NW	9.1	8.7	8.7	1009.4	0.00	0.0	0.387	0.000	8.6	54	-0.2	8.1	10.05	1.2412	1381	1	100.0	60
01/19/24	10:00 p	8.2	8.8	7.9	65	2.0	0.4	NNW	1.61	2.2	NNW	8.2	7.8	7.8	1009.1	0.00	0.0	0.421	0.000	8.3	55	-0.2	7.8	10.25	1.2421	1376	1	100.0	60
01/19/24	11:00 p	8.1	8.6	7.6	69	2.8	0.4	NW	1.61	2.2	NNW	8.1	7.8	7.8	1008.9	0.00	0.0	0.426	0.000	8.1	55	-0.4	7.6	10.25	1.2429	1377	1	100.0	60
01/20/24	12:00 a	8.7	9.1	8.3	65	2.5	0.4	NW	1.61	2.7	NNW	8.7	8.3	8.3	1008.3	0.00	0.0	0.400	0.000	8.1	56	-0.2	7.5	10.42	1.2423	1382	1	100.0	60
01/20/24	1:00 a	8.0	9.0	7.3	73	3.5	0.0	E	0.00	1.3	NNW	8.0	7.8	7.8	1007.8	0.00	0.0	0.431	0.000	8.0	56	-0.3	7.4	10.42	1.2420	1385	1	100.0	60
01/20/24	2:00 a	8.3	9.2	7.4	64	1.9	0.4	N	1.61	1.8	NW	8.3	7.9	7.9	1007.3	0.00	0.0	0.419	0.000	7.9	57	-0.1	7.4	10.55	1.2415	1374	1	100.0	60
01/20/24	3:00 a	8.3	9.2	7.6	69	2.9	0.4	NW	1.61	1.8	NW	8.3	8.0	8.0	1007.0	0.00	0.0	0.419	0.000	7.9	57	-0.1	7.4	10.55	1.2411	1375	1	100.0	60
01/20/24	4:00 a	7.8	8.4	7.1	70	2.6	0.4	NE	1.61	2.2	NNW	7.8	7.5	7.5	1006.1	0.00	0.0	0.440	0.000	7.9	57	-0.1	7.4	10.55	1.2403	1372	1	100.0	60
01/20/24	5:00 a	7.1	7.4	6.7	70	2.0	0.4	NNE	1.61	1.8	NNW	7.1	6.8	6.8	1005.5	0.00	0.0	0.470	0.000	7.8	58	0.0	7.3	10.75	1.2399	1377	1	100.0	60
01/20/24	6:00 a	7.4	8.0	6.8	70	2.3	0.4	NW	1.61	3.1	NW	7.4	7.1	7.1	1004.8	0.00	0.0	0.456	0.000	7.7	58	-0.1	7.2	10.75	1.2396	1377	1	100.0	60
01/20/24	7:00 a	7.9	9.1	7.1	64	1.5	0.0	W	0.00	1.8	WSW	7.9	7.5	7.5	1004.3	0.00	0.0	0.435	0.000	7.5	58	-0.2	7.0	10.75	1.2399	1374	1	100.0	60
01/20/24	8:00 a	8.3	9.5	7.3	71	3.4	0.4	SW	1.61	1.3	WSW	8.3	8.1	8.1	1004.3	0.00	0.0	0.417	0.000	7.4	58	-0.3	6.9	10.75	1.2400	1365	1	99.8	60
01/20/24	9:00 a	7.5	8.1	6.8	75	3.4	0.4	NE	1.61	1.3	ENE	7.5	7.3	7.3	1004.2	0.00	0.0	0.451	0.000	7.3	59	-0.2	6.9	10.95	1.2404	1371	1	100.0	60
01/20/24	10:00 a	7.4	8.3	6.3	69	2.1	0.4	NE	1.61	2.2	NNW	7.4	7.1	7.1	1003.7	0.00	0.0	0.456	0.000	8.1	59	0.6	7.7	10.95	1.2360	1378	1	100.0	60
01/20/24	11:00 a	9.3	10.7	8.3	62	2.4	0.4	ENE	1.61	1.8	N	9.3	8.9	8.9	1002.9	0.00	0.0	0.375	0.000	10.4	61	3.2	9.9	11.34	1.2234	1338	1	97.8	60
01/20/24	12:00 p	10.9	11.7	10.4	58	3.0	0.4	NNW	1.61	2.7	NW	10.9	10.3	10.3	1001.8	0.00	0.0	0.308	0.000	17.8	55	8.6	17.0	10.25	1.1868	1377	1	100.0	60
01/20/24	1:00 p	11.6	11.9	10.9	55	2.8	0.9	NW	3.22	2.7	NNW	11.6	10.8	10.8	1000.9	0.00	0.0	0.282	0.000	15.8	60	8.1	15.1	11.14	1.1941	1380	1	100.0	60
01/20/24	2:00 p	12.6	13.1	11.9	59	4.8	0.4	WSW	1.61	2.7	SSE	12.6	11.8	11.8	999.7	0.00	0.0	0.238	0.000	22.8	51	12.2	22.6	9.39	1.1605	1374	1	100.0	60
01/20/24	3:00 p	12.5	13.4	11.9	57	4.2	0.9	WNW	3.22	3.1	WSW	12.5	11.7	11.7	999.4	0.00	0.0	0.243	0.000	26.8	49	15.2	26.8	8.95	1.1414	1352	1	98.8	60
01/20/24	4:00 p	12.2	12.7	11.5	62	5.1	0.9	WNW	3.22	2.7	W	12.2	11.6	11.6	999.3	0.00	0.0	0.255	0.000	27.1	44	13.8	26.7	8.15	1.1417	1357	1	99.2	60
01/20/24	5:00 p	11.1	11.6	10.4	68	5.4	0.4	WSW	1.61	2.2	WSW	11.1	10.7	10.7	999.5	0.00	0.0	0.303	0.000	18.9	45	6.7	17.8	8.53	1.1812	1373	1	100.0	60
01/20/24	6:00 p	10.1	10.5	9.7	68	4.5	0.4	WSW	1.61	1.8	WSW	10.1	9.8	9.8	999.7	0.00	0.0	0.343	0.000	14.8	47	3.6	13.6	8.95	1.2003	1368	1	100.0	60
01/20/24	7:00 p	10.1	10.7	9.7	66	4.0	0.0	WSW	0.00	1.3	SW	10.1	9.7	9.7	999.5	0.00	0.0	0.345	0.000	12.9	48	2.1	11.8	9.15	1.2092	1375	1	100.0	60
01/20/24	8:00 p	10.8	11.1	10.2	67	4.9	0.0	ESE	0.00	1.3	E	10.8	10.4	10.4	999.5	0.00	0.0	0.315	0.000	12.1	49	1.7	11.1	9.35	1.2130	1370	1	100.0	60
01/20/24	9:00 p	9.6	10.2	9.1	77	5.8	0.4	E	1.61	1.3	E	9.6	9.5	9.5	999.9	0.25	0.0	0.363	0.000	11.6	49	1.2	10.7	9.35	1.2157	1375	1	100.0	60
01/20/24	10:00 p	9.1	9.4	8.7	77	5.3	0.4	SSW	1.61	2.7	S	9.1	9.0	9.0	1000.4	0.76	2.0	0.384	0.000	11.1	50	1.0	10.2	9.49	1.2188	1379	1	100.0	60
01/20/24	11:00 p	8.2	9.1	7.1	87	6.2	0.9	NE	3.22	3.6	NNE	8.2	8.3	8.3	1000.0	1.78	3.0	0.421	0.000	10.2	51	0.5	9.6	9.65	1.2222	1382	1	100.0	60
01/21/24	12:00 a	7.7	8.7	7.1	83	5.0	0.4	NNE	1.61	3.6	NW	7.7	7.6	7.6	1000.1	1.78	3.3	0.444	0.000	9.8	52	0.4	9.2	9.75	1.2243	1385	1	100.0	60
01/21/24	1:00 a	8.8	9.1	8.6	82	5.9	0.0	ENE	0.00	1.3	NW	8.8	8.8	8.8	1000.2	1.27	1.8	0.396	0.000	9.4	53	0.3	8.8	9.93	1.2262	1381	1	100.0	60
01/21/24	2:00 a	8.6	8.9	8.2	84	6.1	0.0	NE	0.00	1.3	NE	8.6	8.6	8.6	1000.2	0.51	1.0	0.405	0.000	9.3	54	0.4	8.7	10.05	1.2266	1374	1	100.0	60
01/21/24	3:00 a	8.1	8.6	7.6	86	5.9	0.4	ENE	1.61	1.8	NE	8.1	8.1	8.1	1000.3	0.00	0.0	0.426	0.000	9.2	54	0.4	8.7	10.05	1.2269	1383	1	100.0	60
01/21/24	4:00 a	9.2	9.7	8.3	81	6.1	0.0	ENE	0.00	1.3	N	9.2	9.2	9.2	1000.5	0.25	0.0	0.380	0.000	9.3	55	0.7	8.7	10.25	1.2268	1363	1	99.6	60
01/21/24	5:00 a	8.4	9.1	8.0	86	6.2	0.4	NE	1.61	1.8	NW	8.4	8.4	8.4	1000.7	0.25	0.0	0.412	0.000	9.3	56	1.0	8.8	10.37	1.2266	1368	1	100.0	60
01/21/24	6:00 a	7.7	8.1	7.4	88	5.8	0.9	ENE	3.22	2.7	ENE	7.7	7.7	7.7	1000.5	0.76	1.3	0.444	0.000	9.4	56	1.1	8.9	10.37	1.2259	1381	1	100.0	60
01/21/24	7:00 a	8.3	8.8	7.4	87	6.2	0.4	ESE	1.61	2.7	E	8.3	8.3	8.3	1000.4	0.25	0.0	0.419	0.000	9.5	57	1.4	9.0	10.55	1.2254	1322	1	96.6	60
01/21/24	8:00 a	8.1	8.4	7.6	88	6.2	0.9	NE	3.22	2.7	ESE	8.1	8.1	8.1	1000.4	0.00	0.0	0.428	0.000	9.5	57	1.4	9.0	10.55	1.2253	1339	1	97.9	60
01/21/24	9:00 a	8.4	8.8	8.1	84	5.9	0.4	NE	1.61	2.2	NNE	8.4	8.4	8.4	1000.3	0.00	0.0	0.412	0.000	9.6	58	1.7	9.1	10.75	1.2245	1255	1	91.7	60
01/21/24	10:00 a	9.0	9.8	8.4	80	5.7	0.4	NE	1.61	2.2	N	9.0	8.9	8.9	999.8	0.00	0.0	0.389	0.000	10.0	59	2.3	9.6	10.95	1.2219	1326	1	96.9	60
01/21/24	11:00 a	9.8	10.4	9.4	81	6.7	0.4	SW	1.61	2.2	SSW	9.8	9.8	9.8	1000.3	0.25	0.0	0.354	0.000	10.4	59	2.7	9.9	10.95	1.2205	1339	1	97.9	60
01/21/24	12:00 p	10.3	10.6	9.9	82	7.3	0.4	WSW	1.61	1.8	SSW	10.3	10.3	10.3	1000.3	1.27	2.3	0.336	0.000	10.2	59	2.6	9.7	10.95	1.2214	1347	1	98.5	60
01/21/24	1:00 p	9.7	10.1	9.0	86	7.5	0.4	NE	1.61	1.8	NE	9.7	9.8	9.8	999.8	1.02	2.3	0.359	0.000	10.2	60	2.7	9.7	11.14	1.2208	1380	1	100.0	60
01/21/24	2:00 p	8.6	9.0	8.4	89	6.9	0.9	ENE	3.22	3.1	NE	8.6	8.7	8.7	999.1	0.25	1.0	0.405	0.000	10.3	61	3.1	9.8	11.34	1.2192	1350	1	98.7	60
01/21/24	3:00 p	9.4	10.1	8.6	84	6.9	0.9	ENE	3.22	3.6	NNE	9.4	9.5	9.5	999.5	0.00	0.0	0.370	0.000	10.8	61	3.6	10.3	11.32	1.2171	1218	1	89.0	60
01/21/24	4:00 p	10.9	11.6	10.0	84	8.3	0.4	NE	1.61	2.2	E	10.9	10.9	10.9	999.6	0.25	0.0	0.308	0.000	11.2	61	4.0	10.6	11.31	1.2152	1261	1	92.2	60
01/21/24	5:00 p	9.7	10.0	9.5	85	7.3	0.4	NE	1.61	2.2	NE	9.7	9.7	9.7	1000.0	0.25	0.0	0.361	0.000	11.1	61	3.8	10.5	11.31	1.2166	1238	1	90.5	60
01/21/24	6:00 p	9.9	10.3	9.6	86	7.7	0.4	ESE	1.61	2.7	ESE	9.9	10.0	10.0	1000.3	1.27	3.8	0.350	0.000	10.8	62	3.8	10.3	11.55	1.2181	1294	1	94.6	60
01/21/24	7:00 p	8.8	9.7	8.3	89	7.1	1.3	NE	4.83	3.6	N	8.4	8.9	8.6	999.6	0.76	2.0	0.398	0.000	10.5	62	3.5	10.1	11.55	1.2186	1287	1	94.1	60
01/21/24	8:00 p	8.7	9.3	8.2	85	6.3	0.9	N	3.22	3.6	NNW	8.7	8.7	8.7	999.7	0.25	0.0	0.400	0.000	10.3	62	3.3	9.8	11.55	1.2198	1322	1	96.6	60
01/21/24	9:00 p	9.1	9.6	8.7	83	6.4	0.9	N	3.22	3.1	NNE	9.1	9.1	9.1	999.3	0.25	1.0	0.384	0.000	10.2	63	3.4	9.8	11.75	1.2198	1330	1	97.2	60
01/21/24	10:00 p	8.9	9.3	8.6	86	6.7	0.4	NE	1.61	1.8	ENE	8.9	8.9	8.9	999.6	0.76	1.0	0.394	0.000	10.0	63	3.3	9.6	11.75	1.2210	1349	1	98.6	60
01/21/24	11:00 p	8.4	8.8	8.1	88	6.6	0.4	NE	1.61	2.7	ENE	8.4	8.5	8.5	999.6	0.76	0.0	0.412	0.000	9.9	64	3.4	9.6	11.95	1.2210	1350	1	98.7	60
01/22/24	12:00 a	7.7	8.2	7.6	90	6.2	1.3	NNE	4.83	3.6	N	7.3	7.8	7.3	998.5	0.51	1.0	0.442	0.000	9.9	64	3.4	9.6	11.95	1.2200	1358	1	99.3	60
01/22/24	1:00 a	8.2	8.4	7.8	87	6.1	1.3	N	4.83	4.0	NW	7.8	8.2	7.8	998.1	0.51	0.0	0.424	0.000	9.9	64	3.4	9.6	11.95	1.2196	1342	1	98.1	60
01/22/24	2:00 a	8.8	9.5	8.2	83	6.1	0.4	N	1.61	3.1	ENE	8.8	8.8	8.8	998.2	0.25	0.0	0.396	0.000	9.9	64	3.4	9.6	11.95	1.2193	1349	1	98.6	60
01/22/24	3:00 a	8.5	9.5	7.9	88	6.6	0.9	NE	3.22	2.2	NE	8.5	8.6	8.6	997.8	1.02	1.8	0.410	0.000	9.8	65	3.6	9.5	12.16	1.2193	1275	1	93.2	60
01/22/24	4:00 a	8.5	8.8	8.2	87	6.5	0.4	N	1.61	1.8	N	8.5	8.6	8.6	997.5	0.76	0.0	0.410	0.000	9.8	65	3.6	9.5	12.16	1.2189	1332	1	97.4	60
01/22/24	5:00 a	9.3	10.1	8.7	84	6.8	0.4	N	1.61	2.2	N	9.3	9.3	9.3	997.5	0.51	1.0	0.375	0.000	9.8	65	3.6	9.5	12.16	1.2189	1322	1	96.6	60
01/22/24	6:00 a	9.6	10.4	8.7	85	7.2	0.4	NE	1.61	1.8	NE	9.6	9.6	9.6	997.5	0.51	1.0	0.366	0.000	9.9	66	3.8	9.6	12.35	1.2184	1312	1	95.9	60
01/22/24	7:00 a	10.0	11.6	9.1	76	6.0	0.4	ENE	1.61	1.8	NW	10.0	9.9	9.9	997.6	0.00	0.0	0.347	0.000	10.1	66	4.0	9.7	12.35	1.2177	1217	1	89.0	60
01/22/24	8:00 a	10.8	11.4	10.1	82	7.8	0.0	NW	0.00	1.3	NW	10.8	10.7	10.7	998.3	0.00	0.0	0.315	0.000	10.1	66	4.0	9.7	12.35	1.2187	1226	1	89.6	60
01/22/24	9:00 a	9.6	10.1	8.8	87	7.6	0.4	ENE	1.61	3.1	ENE	9.6	9.7	9.7	999.2	0.51	1.0	0.363	0.000	10.2	66	4.1	9.8	12.36	1.2192	1349	1	98.6	60
01/22/24	10:00 a	8.7	8.9	8.3	90	7.1	0.9	ESE	3.22	2.2	ENE	8.7	8.8	8.8	1000.1	0.51	0.0	0.403	0.000	10.3	66	4.3	10.0	12.36	1.2194	1360	1	99.4	60
01/22/24	11:00 a	9.1	9.2	8.8	90	7.5	0.9	ESE	3.22	2.7	E	9.1	9.2	9.2	1001.0	0.76	2.3	0.387	0.000	10.5	67	4.6	10.2	12.59	1.2195	1337	1	97.7	60
01/22/24	12:00 p	9.0	9.3	8.8	91	7.6	1.3	ESE	4.83	4.0	E	8.7	9.2	8.8	1001.4	0.76	1.8	0.389	0.000	10.6	67	4.7	10.2	12.59	1.2198	1350	1	98.7	60
01/22/24	1:00 p	9.6	10.3	9.3	89	7.9	1.3	SE	4.83	5.4	SSE	9.4	9.8	9.6	1001.7	0.51	1.0	0.363	0.000	10.4	67	4.5	10.1	12.58	1.2210	1356	1	99.1	60
01/22/24	2:00 p	10.8	11.1	10.3	88	8.9	1.8	SSW	6.44	6.3	SSE	10.3	10.9	10.4	1002.5	0.76	2.8	0.313	0.000	10.6	68	4.9	10.2	12.79	1.2210	1299	1	95.0	60
01/22/24	3:00 p	11.3	11.4	11.1	86	9.0	3.1	S	11.27	8.9	S	10.0	11.3	10.0	1003.0	0.00	0.0	0.294	0.000	10.8	68	5.1	10.4	12.81	1.2205	912	1	66.7	60
01/22/24	4:00 p	11.6	11.8	11.4	86	9.3	3.6	S	12.87	9.4	SSE	9.9	11.6	9.9	1003.9	0.00	0.0	0.282	0.000	11.2	69	5.7	10.8	13.13	1.2195	785	1	57.4	60
01/22/24	5:00 p	11.3	11.5	11.2	86	9.1	3.6	S	12.87	9.4	SSE	9.7	11.3	9.7	1004.6	0.00	0.0	0.292	0.000	11.2	70	5.9	10.8	13.39	1.2202	840	1	61.4	60
01/22/24	6:00 p	11.6	11.8	11.4	84	9.0	2.2	SSW	8.05	7.2	S	10.9	11.6	10.8	1005.4	0.00	0.0	0.280	0.000	10.7	71	5.6	10.3	13.67	1.2235	965	1	70.5	60
01/22/24	7:00 p	11.8	11.9	11.7	84	9.2	1.8	SSW	6.44	6.7	S	11.5	11.8	11.4	1006.1	0.00	0.0	0.271	0.000	10.4	71	5.4	10.1	13.66	1.2257	1036	1	75.7	60
01/22/24	8:00 p	11.7	11.8	11.7	84	9.1	1.8	S	6.44	5.4	S	11.3	11.7	11.3	1006.7	0.00	0.0	0.275	0.000	10.4	72	5.6	10.1	13.88	1.2263	1047	1	76.5	60
01/22/24	9:00 p	11.8	11.9	11.6	84	9.2	1.3	S	4.83	4.5	SSE	11.8	11.8	11.8	1007.1	0.00	0.0	0.271	0.000	10.6	73	5.9	10.3	14.19	1.2259	1043	1	76.2	60
01/22/24	10:00 p	11.7	11.9	11.6	82	8.7	0.9	SE	3.22	3.6	SE	11.7	11.6	11.6	1007.6	0.00	0.0	0.275	0.000	10.6	73	6.0	10.3	14.19	1.2261	1107	1	80.9	60
01/22/24	11:00 p	11.8	12.2	11.2	81	8.7	0.4	ENE	1.61	3.6	SE	11.8	11.7	11.7	1008.0	0.00	0.0	0.271	0.000	10.6	74	6.1	10.3	14.47	1.2268	1075	1	78.6	60
01/23/24	12:00 a	10.8	11.2	10.7	81	7.7	0.9	ESE	3.22	2.2	SE	10.8	10.7	10.7	1008.5	0.00	0.0	0.313	0.000	10.6	74	6.1	10.3	14.47	1.2274	1139	1	83.3	60
01/23/24	1:00 a	10.3	10.7	10.2	81	7.2	0.9	E	3.22	3.1	E	10.3	10.3	10.3	1008.8	0.00	0.0	0.333	0.000	10.4	74	6.0	10.2	14.46	1.2287	1131	1	82.7	60
01/23/24	2:00 a	10.0	10.6	9.7	86	7.8	0.9	ESE	3.22	3.6	ESE	10.0	10.1	10.1	1009.3	0.25	0.0	0.347	0.000	10.1	74	5.6	9.9	14.45	1.2310	940	1	68.7	60
01/23/24	3:00 a	9.7	10.0	9.6	84	7.1	0.4	NE	1.61	2.2	ENE	9.7	9.8	9.8	1009.4	0.00	0.0	0.359	0.000	9.8	74	5.4	9.6	14.44	1.2325	883	1	64.5	60
01/23/24	4:00 a	10.4	10.8	10.0	81	7.3	0.4	SE	1.61	3.6	SE	10.4	10.3	10.3	1009.6	0.00	0.0	0.331	0.000	9.7	75	5.4	9.5	14.75	1.2331	868	1	63.5	60
01/23/24	5:00 a	10.4	10.8	10.3	83	7.7	0.9	ESE	3.22	4.9	SSE	10.4	10.4	10.4	1009.9	0.00	0.0	0.329	0.000	9.6	75	5.3	9.4	14.75	1.2341	858	1	62.7	60
01/23/24	6:00 a	10.3	10.7	10.2	84	7.7	0.9	SE	3.22	3.6	SE	10.3	10.3	10.3	1010.5	0.00	0.0	0.333	0.000	9.4	75	5.2	9.2	14.75	1.2357	802	1	58.6	60
01/23/24	7:00 a	10.7	10.9	10.6	83	8.0	1.3	SE	4.83	5.8	SE	10.6	10.7	10.6	1011.1	0.00	0.0	0.317	0.000	9.4	75	5.2	9.3	14.75	1.2362	775	1	56.7	60
01/23/24	8:00 a	10.8	10.8	10.7	84	8.2	1.3	SE	4.83	4.9	SSE	10.7	10.8	10.7	1011.6	0.00	0.0	0.315	0.000	9.3	75	5.1	9.2	14.75	1.2374	778	1	56.9	60
01/23/24	9:00 a	10.9	11.1	10.8	84	8.3	1.8	S	6.44	4.9	S	10.4	10.9	10.4	1012.3	0.00	0.0	0.308	0.000	9.6	76	5.5	9.4	15.05	1.2369	644	1	47.1	60
01/23/24	10:00 a	11.2	11.4	11.0	82	8.3	2.7	S	9.66	8.0	SSE	10.1	11.2	10.1	1013.3	0.00	0.0	0.296	0.000	10.2	77	6.4	10.1	15.45	1.2345	577	1	42.2	60
01/23/24	11:00 a	11.7	12.2	11.4	80	8.4	3.1	S	11.27	9.8	SSE	10.5	11.6	10.3	1013.9	0.00	0.0	0.275	0.000	11.9	77	8.0	11.7	15.45	1.2264	595	1	43.5	60
01/23/24	12:00 p	11.8	12.1	11.4	74	7.3	3.1	S	11.27	8.5	S	10.6	11.4	10.2	1014.0	0.00	0.0	0.273	0.000	15.2	75	10.8	14.8	14.68	1.2103	585	1	42.8	60
01/23/24	1:00 p	12.2	12.6	11.8	72	7.3	4.0	S	14.48	10.7	S	10.3	11.8	9.9	1014.1	0.00	0.0	0.255	0.000	23.2	66	16.5	23.6	12.08	1.1709	641	1	46.9	60
01/23/24	2:00 p	12.9	13.2	12.5	70	7.5	2.7	S	9.66	8.5	SSE	12.1	12.4	11.7	1013.8	0.00	0.0	0.227	0.000	30.8	56	21.0	33.6	10.00	1.1342	445	1	32.5	60
01/23/24	3:00 p	12.3	13.2	12.0	75	8.0	3.1	S	11.27	8.0	S	11.2	12.0	10.9	1014.2	0.00	0.0	0.250	0.000	29.9	52	19.0	31.3	9.35	1.1413	649	1	47.4	60
01/23/24	4:00 p	12.2	12.3	12.1	73	7.5	2.2	S	8.05	7.2	SW	11.6	11.8	11.2	1014.5	0.00	0.0	0.255	0.000	27.7	47	15.4	27.7	8.61	1.1550	1385	1	100.0	60
01/23/24	5:00 p	11.4	12.1	11.1	79	7.9	2.2	SSE	8.05	6.7	SSE	10.7	11.3	10.6	1014.9	0.00	0.0	0.287	0.000	22.3	48	10.8	21.8	8.89	1.1819	1387	1	100.0	60
01/23/24	6:00 p	10.9	11.2	10.8	81	7.8	1.3	SE	4.83	3.6	SSE	10.9	10.8	10.8	1015.2	0.00	0.0	0.308	0.000	15.9	51	5.8	14.8	9.64	1.2132	1388	1	100.0	60
01/23/24	7:00 p	10.6	10.8	10.5	78	6.9	1.3	SSW	4.83	4.9	SW	10.5	10.4	10.3	1015.1	0.00	0.0	0.322	0.000	13.3	53	3.9	12.4	9.95	1.2252	1386	1	100.0	60
01/23/24	8:00 p	10.4	10.5	10.3	81	7.3	0.9	ESE	3.22	4.0	S	10.4	10.4	10.4	1014.6	0.00	0.0	0.329	0.000	12.1	55	3.3	11.2	10.32	1.2304	1395	1	100.0	60
01/23/24	9:00 p	9.9	10.2	9.7	83	7.2	0.9	SE	3.22	3.1	ESE	9.9	10.0	10.0	1014.1	0.00	0.0	0.350	0.000	11.3	56	2.8	10.6	10.40	1.2336	1392	1	100.0	60
01/23/24	10:00 p	9.3	9.8	8.9	86	7.1	0.4	E	1.61	1.8	ESE	9.3	9.4	9.4	1014.0	0.00	0.0	0.375	0.000	10.3	57	2.2	9.8	10.56	1.2379	1390	1	100.0	60
01/23/24	11:00 p	8.8	9.0	8.6	88	6.9	0.4	ENE	1.61	1.8	E	8.8	8.8	8.8	1013.0	0.00	0.0	0.398	0.000	9.8	59	2.1	9.3	10.95	1.2392	1390	1	100.0	60